Team,Over Record,Over %,Under %,Total +/-
NC-Asheville,3-0-1,100.0%,0.0%,+14.5
Utah St,1-0-1,100.0%,0.0%,+8.8
Michigan St,2-0-0,100.0%,0.0%,+16.8
Auburn,1-0-0,100.0%,0.0%,+7.5
Gard-Webb,11-1-0,91.7%,8.3%,+10.4
Howard,9-1-0,90.0%,10.0%,+11.4
NC Central,9-1-0,90.0%,10.0%,+10.8
Illinois St,8-1-0,88.9%,11.1%,+13.4
South Dakota,7-1-0,87.5%,12.5%,+6.0
Indiana,6-1-0,85.7%,14.3%,+5.9
Temple,6-1-0,85.7%,14.3%,+12.8
Illinois,6-1-0,85.7%,14.3%,+1.1
North Dakota,11-2-0,84.6%,15.4%,+9.8
Columbia,5-1-0,83.3%,16.7%,+16.3
Texas,5-1-1,83.3%,16.7%,+1.2
Gonzaga,5-1-0,83.3%,16.7%,+12.6
Wisconsin,4-1-0,80.0%,20.0%,+5.0
TN Tech,8-2-0,80.0%,20.0%,+10.8
Oklahoma,4-1-0,80.0%,20.0%,+2.8
Yale,4-1-0,80.0%,20.0%,+7.3
San Diego St,4-1-0,80.0%,20.0%,+6.4
Maryland,4-1-0,80.0%,20.0%,+6.1
Oregon,4-1-0,80.0%,20.0%,+2.4
St. Thomas,4-1-0,80.0%,20.0%,+12.4
Geo Mason,4-1-0,80.0%,20.0%,+6.5
VCU,4-1-0,80.0%,20.0%,+1.3
Weber St,11-3-0,78.6%,21.4%,+8.8
Northwestern,7-2-0,77.8%,22.2%,+4.6
Wm & Mary,6-2-0,75.0%,25.0%,+9.3
W Carolina,9-3-1,75.0%,25.0%,+2.4
Memphis,3-1-0,75.0%,25.0%,+7.9
IPFW,6-2-0,75.0%,25.0%,+8.1
Butler,9-3-0,75.0%,25.0%,+4.8
Radford,6-2-0,75.0%,25.0%,+1.4
USC,6-2-0,75.0%,25.0%,-1.7
Miami (OH),3-1-0,75.0%,25.0%,+12.0
North Texas,3-1-0,75.0%,25.0%,+6.9
SE Missouri,6-2-0,75.0%,25.0%,-1.1
SC Upstate,11-4-0,73.3%,26.7%,+2.6
Loyola-MD,8-3-0,72.7%,27.3%,+3.1
CS Bakersfld,8-3-0,72.7%,27.3%,+8.0
Idaho,8-3-0,72.7%,27.3%,+5.0
Air Force,13-5-0,72.2%,27.8%,+1.9
Belmont,5-2-0,71.4%,28.6%,+1.9
TX-Pan Am,5-2-0,71.4%,28.6%,+5.1
Army,5-2-0,71.4%,28.6%,+2.1
UCF,5-2-0,71.4%,28.6%,+19.3
Colorado St,5-2-0,71.4%,28.6%,+2.9
SIU Edward,5-2-0,71.4%,28.6%,+5.6
Delaware St,5-2-0,71.4%,28.6%,+10.4
Dayton,5-2-0,71.4%,28.6%,+6.9
Lamar,5-2-0,71.4%,28.6%,-2.3
S Dakota St,5-2-0,71.4%,28.6%,+4.1
Delaware,7-3-0,70.0%,30.0%,+8.4
Wyoming,7-3-0,70.0%,30.0%,+2.4
Ball St,7-3-0,70.0%,30.0%,+8.0
Maryland BC,7-3-0,70.0%,30.0%,+7.8
Northeastrn,7-3-0,70.0%,30.0%,+5.8
U Penn,7-3-2,70.0%,30.0%,-0.3
Wake Forest,4-2-0,66.7%,33.3%,-0.5
TX A&M-CC,4-2-0,66.7%,33.3%,-5.3
N Florida,6-3-0,66.7%,33.3%,+8.7
Portland St,4-2-0,66.7%,33.3%,-4.1
Incar Word,6-3-0,66.7%,33.3%,+4.4
Alabama,2-1-0,66.7%,33.3%,+12.0
Virginia,8-4-0,66.7%,33.3%,+1.7
Longwood,4-2-0,66.7%,33.3%,+4.3
Creighton,4-2-0,66.7%,33.3%,+4.6
Winthrop,6-3-0,66.7%,33.3%,+6.9
Oregon St,4-2-0,66.7%,33.3%,+3.9
Dartmouth,6-3-1,66.7%,33.3%,+10.1
Arizona,4-2-0,66.7%,33.3%,+1.6
Queens,6-3-0,66.7%,33.3%,+3.2
UCLA,4-2-0,66.7%,33.3%,+0.1
E Carolina,6-3-0,66.7%,33.3%,+1.6
Sam Hous St,8-4-0,66.7%,33.3%,0.0
St Marys,2-1-0,66.7%,33.3%,+6.8
Marquette,2-1-0,66.7%,33.3%,+3.3
Texas St,6-3-1,66.7%,33.3%,+6.8
IL-Chicago,4-2-0,66.7%,33.3%,+12.2
DePaul,8-4-0,66.7%,33.3%,+6.2
Marist,2-1-0,66.7%,33.3%,-5.5
N Dakota St,4-2-0,66.7%,33.3%,+15.8
Mt St Marys,6-3-0,66.7%,33.3%,+10.8
NC A&T,12-6-0,66.7%,33.3%,+1.8
Washington,6-3-0,66.7%,33.3%,+0.9
San Jose St,6-3-1,66.7%,33.3%,+2.7
Rob Morris,4-2-0,66.7%,33.3%,+5.0
Connecticut,4-2-0,66.7%,33.3%,+0.6
Boise St,4-2-0,66.7%,33.3%,+1.1
Pittsburgh,4-2-1,66.7%,33.3%,+5.7
American,6-3-0,66.7%,33.3%,+4.5
Le Moyne,9-5-0,64.3%,35.7%,+3.0
Alab A&M,9-5-0,64.3%,35.7%,+6.3
Central Ark,9-5-0,64.3%,35.7%,+2.3
Hsn Christian,7-4-0,63.6%,36.4%,-0.5
UTSA,7-4-0,63.6%,36.4%,-2.5
Murray St,7-4-0,63.6%,36.4%,+3.7
Boston Col,7-4-0,63.6%,36.4%,+6.5
TN State,7-4-0,63.6%,36.4%,+4.5
Valparaiso,7-4-0,63.6%,36.4%,+4.1
Ste F Austin,7-4-0,63.6%,36.4%,+2.9
N Alabama,5-3-0,62.5%,37.5%,+6.4
Ohio,5-3-1,62.5%,37.5%,+1.3
Manhattan,5-3-0,62.5%,37.5%,+5.0
LSU,5-3-0,62.5%,37.5%,+7.3
Florida St,5-3-0,62.5%,37.5%,+2.6
Xavier,5-3-0,62.5%,37.5%,+8.3
Bryant,5-3-0,62.5%,37.5%,+2.3
UC Riverside,5-3-0,62.5%,37.5%,+5.3
Brown,5-3-0,62.5%,37.5%,+6.2
TX Southern,5-3-1,62.5%,37.5%,+5.7
Missouri St,8-5-0,61.5%,38.5%,+5.0
Navy,8-5-0,61.5%,38.5%,+1.5
Cal Poly,8-5-0,61.5%,38.5%,+7.2
Lg Beach St,9-6-0,60.0%,40.0%,+1.1
Mercer,6-4-0,60.0%,40.0%,+2.9
S Methodist,3-2-0,60.0%,40.0%,-2.9
N Colorado,3-2-0,60.0%,40.0%,-0.6
Louisville,3-2-0,60.0%,40.0%,+6.0
Ark Pine Bl,9-6-0,60.0%,40.0%,+4.0
Providence,6-4-0,60.0%,40.0%,+5.9
Stetson,9-6-0,60.0%,40.0%,+5.6
Purdue,3-2-0,60.0%,40.0%,-1.0
Portland,9-6-0,60.0%,40.0%,+6.0
E Kentucky,6-4-0,60.0%,40.0%,+6.6
Fla Atlantic,6-4-0,60.0%,40.0%,+7.1
Miss State,3-2-0,60.0%,40.0%,+1.1
Cornell,3-2-1,60.0%,40.0%,+19.0
Charl South,9-6-0,60.0%,40.0%,+0.2
St Peters,6-4-0,60.0%,40.0%,+0.4
Furman,3-2-0,60.0%,40.0%,+7.9
NC-Wilmgton,3-2-0,60.0%,40.0%,-3.6
IU Indy,9-6-0,60.0%,40.0%,+5.5
Morgan St,6-4-0,60.0%,40.0%,+6.9
Geo Wshgtn,3-2-1,60.0%,40.0%,-2.1
Merrimack,6-4-0,60.0%,40.0%,-1.1
Kentucky,3-2-0,60.0%,40.0%,+1.3
Minnesota,6-4-0,60.0%,40.0%,+3.7
Rice,6-4-0,60.0%,40.0%,-0.6
W Georgia,10-7-0,58.8%,41.2%,0.0
Buffalo,7-5-0,58.3%,41.7%,+1.1
Siena,7-5-0,58.3%,41.7%,+4.2
S Car State,7-5-0,58.3%,41.7%,-1.7
Oral Roberts,7-5-0,58.3%,41.7%,+6.0
Iowa,4-3-0,57.1%,42.9%,+4.6
Cal St Nrdge,4-3-0,57.1%,42.9%,+9.7
Elon,4-3-0,57.1%,42.9%,+0.1
Lafayette,8-6-0,57.1%,42.9%,+3.3
Baylor,4-3-0,57.1%,42.9%,-3.7
UAB,4-3-0,57.1%,42.9%,+5.5
Richmond,8-6-0,57.1%,42.9%,+0.7
Fresno St,9-7-0,56.3%,43.8%,+3.4
Fla Gulf Cst,5-4-1,55.6%,44.4%,-1.1
Rutgers,5-4-1,55.6%,44.4%,-0.9
N Carolina,5-4-0,55.6%,44.4%,+4.7
N Arizona,5-4-0,55.6%,44.4%,-5.2
Canisius,10-8-0,55.6%,44.4%,+2.6
N Iowa,5-4-0,55.6%,44.4%,+3.8
Mercyhurst,6-5-0,54.6%,45.5%,+2.8
Indiana St,6-5-0,54.6%,45.5%,+3.5
GA Southern,6-5-0,54.6%,45.5%,+4.4
Florida A&M,6-5-0,54.6%,45.5%,+4.2
U Mass,6-5-0,54.6%,45.5%,+5.0
Niagara,7-6-0,53.9%,46.2%,+1.5
Iona,7-6-0,53.9%,46.2%,-3.4
Bucknell,7-6-0,53.9%,46.2%,+7.9
Florida Intl,7-6-0,53.9%,46.2%,-3.1
Fairfield,7-6-0,53.9%,46.2%,-2.4
CS Fullerton,7-6-1,53.9%,46.2%,+3.1
Prairie View,9-8-0,52.9%,47.1%,+4.6
Miami,9-8-0,52.9%,47.1%,+5.4
Bellarmine,10-9-0,52.6%,47.4%,+4.1
Sacred Hrt,6-6-0,50.0%,50.0%,+4.7
Tennessee,2-2-0,50.0%,50.0%,-11.0
Chattanooga,4-4-0,50.0%,50.0%,+4.5
Idaho St,4-4-0,50.0%,50.0%,+2.4
St Bonavent,3-3-0,50.0%,50.0%,-0.3
Denver,7-7-0,50.0%,50.0%,+2.6
NJIT,8-8-0,50.0%,50.0%,-5.2
Marshall,5-5-0,50.0%,50.0%,-0.1
St Josephs,4-4-0,50.0%,50.0%,+6.5
Texas Tech,2-2-0,50.0%,50.0%,-7.8
Neb Omaha,5-5-0,50.0%,50.0%,-0.6
BYU,3-3-0,50.0%,50.0%,-2.6
Coppin St,8-8-1,50.0%,50.0%,-1.0
W Illinois,6-6-0,50.0%,50.0%,-3.5
California,5-5-0,50.0%,50.0%,-2.7
UCSD,2-2-0,50.0%,50.0%,+5.1
New Orleans,9-9-0,50.0%,50.0%,+4.0
Samford,2-2-0,50.0%,50.0%,+14.1
San Francisco,3-3-0,50.0%,50.0%,-2.7
Hampton,6-6-0,50.0%,50.0%,-2.7
Villanova,4-4-1,50.0%,50.0%,-2.7
Stanford,3-3-0,50.0%,50.0%,+3.3
Chicago St,10-10-0,50.0%,50.0%,-0.7
Maine,3-3-1,50.0%,50.0%,-2.3
Albany,5-5-0,50.0%,50.0%,+0.2
Rhode Island,3-3-0,50.0%,50.0%,-0.8
Troy,3-3-0,50.0%,50.0%,+2.8
Coastal Car,6-6-0,50.0%,50.0%,+0.2
Bradley,2-2-0,50.0%,50.0%,-5.3
Clemson,2-2-0,50.0%,50.0%,+4.9
Montana,3-3-0,50.0%,50.0%,+1.7
Ohio St,4-4-0,50.0%,50.0%,-0.1
LA Tech,3-3-0,50.0%,50.0%,-2.8
UNLV,5-5-0,50.0%,50.0%,-3.8
LIU,6-6-0,50.0%,50.0%,+0.5
Binghamton,5-5-1,50.0%,50.0%,+3.3
Iowa St,2-2-0,50.0%,50.0%,+9.9
San Diego,9-10-0,47.4%,52.6%,+0.2
UL Monroe,8-9-0,47.1%,52.9%,+3.4
Pacific,8-9-0,47.1%,52.9%,+1.1
E Washingtn,7-8-0,46.7%,53.3%,-2.9
Georgia St,6-7-0,46.2%,53.9%,+1.2
Rider,6-7-0,46.2%,53.9%,+0.6
Citadel,6-7-0,46.2%,53.9%,-0.5
Beth-Cook,6-7-0,46.2%,53.9%,-5.1
Kansas St,5-6-0,45.5%,54.6%,-0.1
Colorado,5-6-0,45.5%,54.6%,-0.5
St Fran (PA),5-6-0,45.5%,54.6%,+0.1
Central Mich,5-6-0,45.5%,54.6%,-1.3
Holy Cross,5-6-0,45.5%,54.6%,+1.4
Boston U,5-6-0,45.5%,54.6%,-1.9
N Illinois,5-6-1,45.5%,54.6%,+1.5
E Tenn St,4-5-0,44.4%,55.6%,-3.6
E Michigan,4-5-0,44.4%,55.6%,+0.9
SE Louisiana,4-5-0,44.4%,55.6%,-0.5
N Hampshire,7-9-0,43.8%,56.3%,-0.8
Monmouth,7-9-0,43.8%,56.3%,+4.7
Stony Brook,7-9-0,43.8%,56.3%,-1.8
Alcorn St,7-9-0,43.8%,56.3%,-2.9
Nicholls,3-4-0,42.9%,57.1%,-3.1
Lipscomb,3-4-0,42.9%,57.1%,-5.3
Quinnipiac,3-4-0,42.9%,57.1%,-1.1
Davidson,3-4-0,42.9%,57.1%,+4.6
WI-Milwkee,3-4-0,42.9%,57.1%,-9.3
UCSB,3-4-0,42.9%,57.1%,-6.2
W Virginia,3-4-0,42.9%,57.1%,-5.2
Louisiana,6-8-0,42.9%,57.1%,-3.2
Mass Lowell,3-4-0,42.9%,57.1%,+4.9
TX A&M-Com,8-11-0,42.1%,57.9%,-1.2
Grambling St,5-7-1,41.7%,58.3%,-1.0
Tulsa,5-7-0,41.7%,58.3%,-6.8
Montana St,5-7-0,41.7%,58.3%,-3.4
TN Martin,5-7-0,41.7%,58.3%,+3.3
W Michigan,5-7-1,41.7%,58.3%,+3.9
Miss Val St,7-10-0,41.2%,58.8%,-2.0
VMI,4-6-1,40.0%,60.0%,-4.3
Jackson St,6-9-0,40.0%,60.0%,-3.3
Princeton,2-3-1,40.0%,60.0%,-1.4
Fordham,4-6-0,40.0%,60.0%,+4.4
TX-Arlington,4-6-0,40.0%,60.0%,-1.7
Michigan,2-3-0,40.0%,60.0%,-1.4
Grd Canyon,2-3-0,40.0%,60.0%,-3.7
Vermont,4-6-0,40.0%,60.0%,-4.4
Seton Hall,6-9-0,40.0%,60.0%,-1.2
Detroit,6-9-1,40.0%,60.0%,-1.9
Wright St,4-6-0,40.0%,60.0%,+1.1
Notre Dame,4-6-0,40.0%,60.0%,+0.3
Wofford,4-6-1,40.0%,60.0%,-5.1
High Point,2-3-0,40.0%,60.0%,+3.7
Cal Baptist,4-6-0,40.0%,60.0%,-2.0
Bowling Grn,5-8-0,38.5%,61.5%,+1.3
Oakland,5-8-0,38.5%,61.5%,-3.4
Utah Tech,5-8-0,38.5%,61.5%,-4.5
Evansville,5-8-0,38.5%,61.5%,-4.2
WI-Grn Bay,8-13-0,38.1%,61.9%,-1.8
Nebraska,3-5-0,37.5%,62.5%,+1.9
Loyola-Chi,3-5-0,37.5%,62.5%,-3.8
Hawaii,3-5-1,37.5%,62.5%,-2.8
UC Davis,3-5-0,37.5%,62.5%,-9.4
Penn St,3-5-0,37.5%,62.5%,-0.9
Wagner,3-5-1,37.5%,62.5%,-2.2
Tulane,3-5-1,37.5%,62.5%,-5.9
Towson,3-5-0,37.5%,62.5%,-1.4
Loyola Mymt,3-5-0,37.5%,62.5%,-8.9
Harvard,4-7-0,36.4%,63.6%,-0.2
NC State,4-7-0,36.4%,63.6%,-4.7
S Carolina,4-7-0,36.4%,63.6%,-3.7
Abl Christian,4-7-0,36.4%,63.6%,-7.4
Seattle,4-7-0,36.4%,63.6%,-1.5
S Illinois,4-7-0,36.4%,63.6%,+3.2
Stonehill,4-7-0,36.4%,63.6%,-1.4
Colgate,5-9-0,35.7%,64.3%,-1.8
Pepperdine,4-8-0,33.3%,66.7%,-8.4
UC Irvine,1-2-0,33.3%,66.7%,-0.2
Austin Peay,4-8-0,33.3%,66.7%,-3.0
N Mex State,3-6-0,33.3%,66.7%,-5.7
Wichita St,3-6-0,33.3%,66.7%,-9.2
Santa Clara,3-6-0,33.3%,66.7%,-1.3
App State,2-4-1,33.3%,66.7%,-3.4
E Illinois,4-8-0,33.3%,66.7%,-5.5
Sac State,5-10-0,33.3%,66.7%,-2.1
New Mexico,1-2-0,33.3%,66.7%,-5.7
Kansas,2-4-0,33.3%,66.7%,-0.3
Duquesne,4-8-0,33.3%,66.7%,-5.3
Morehead St,2-4-0,33.3%,66.7%,-2.9
GA Tech,4-8-0,33.3%,66.7%,-3.6
Southern,2-4-0,33.3%,66.7%,-5.8
VA Tech,4-8-0,33.3%,66.7%,+0.1
Utah Valley,2-4-0,33.3%,66.7%,-1.7
St Johns,1-2-0,33.3%,66.7%,-4.2
Lindenwood,3-6-0,33.3%,66.7%,-6.8
Old Dominion,4-8-0,33.3%,66.7%,-2.0
S Indiana,4-8-0,33.3%,66.7%,-1.6
N Kentucky,4-9-0,30.8%,69.2%,-2.9
S Florida,3-7-0,30.0%,70.0%,-6.2
La Salle,3-7-0,30.0%,70.0%,-1.0
Hofstra,3-7-0,30.0%,70.0%,-5.9
Oklahoma St,3-7-0,30.0%,70.0%,-6.9
Kennesaw St,2-5-0,28.6%,71.4%,-7.9
Middle Tenn,2-5-0,28.6%,71.4%,-5.0
Maryland ES,4-10-0,28.6%,71.4%,-2.6
James Mad,2-5-0,28.6%,71.4%,+1.4
Jacksonville,2-5-0,28.6%,71.4%,-8.6
Norfolk St,2-5-0,28.6%,71.4%,-2.6
Toledo,2-5-0,28.6%,71.4%,-3.0
Syracuse,3-8-1,27.3%,72.7%,-4.9
Kansas City,3-8-0,27.3%,72.7%,-3.7
Charlotte,3-9-0,25.0%,75.0%,-4.2
S Mississippi,3-9-0,25.0%,75.0%,-6.9
Arkansas,2-6-0,25.0%,75.0%,-9.4
S Alabama,2-6-0,25.0%,75.0%,-6.5
Liberty,1-3-0,25.0%,75.0%,-7.3
Georgetown,2-6-0,25.0%,75.0%,-10.9
S Utah,3-9-0,25.0%,75.0%,-5.2
McNeese St,1-3-1,25.0%,75.0%,-3.6
Alabama St,3-9-0,25.0%,75.0%,-0.5
Missouri,1-3-0,25.0%,75.0%,-3.3
Arizona St,2-6-0,25.0%,75.0%,+1.3
Akron,1-3-0,25.0%,75.0%,-17.6
NW State,2-7-2,22.2%,77.8%,-4.6
Nevada,2-8-0,20.0%,80.0%,-5.5
TX El Paso,1-4-0,20.0%,80.0%,-4.1
Drexel,2-8-0,20.0%,80.0%,-13.1
NC-Grnsboro,1-4-0,20.0%,80.0%,-11.0
TX Christian,2-8-0,20.0%,80.0%,-8.5
Mississippi,1-4-0,20.0%,80.0%,-8.1
Arkansas St,1-4-0,20.0%,80.0%,-4.7
F Dickinson,2-8-0,20.0%,80.0%,-6.7
Cleveland St,1-4-0,20.0%,80.0%,-8.4
Campbell,2-8-0,20.0%,80.0%,-10.6
Col Charlestn,1-4-0,20.0%,80.0%,-8.8
Texas A&M,1-4-0,20.0%,80.0%,-5.2
Presbyterian,2-9-0,18.2%,81.8%,-3.7
Kent St,1-5-0,16.7%,83.3%,-7.5
Saint Louis,1-5-0,16.7%,83.3%,-7.7
Jksnville St,1-5-0,16.7%,83.3%,-1.8
Lehigh,2-10-0,16.7%,83.3%,-4.9
Tarleton St,2-10-0,16.7%,83.3%,-1.2
Youngs St,1-6-0,14.3%,85.7%,+1.9
W Kentucky,1-6-0,14.3%,85.7%,-4.6
Wash State,1-7-0,12.5%,87.5%,-10.6
Cincinnati,1-7-0,12.5%,87.5%,-11.5
Utah,1-7-0,12.5%,87.5%,-7.4
Georgia,0-6-0,0.0%,100.0%,-7.1
Vanderbilt,0-4-0,0.0%,100.0%,-15.8
AR Lit Rock,0-9-0,0.0%,100.0%,-12.1
Duke,0-2-0,0.0%,100.0%,-25.3
Houston,0-3-0,0.0%,100.0%,-7.5
Central Conn,0-6-0,0.0%,100.0%,-13.7
Drake,0-2-0,0.0%,100.0%,-3.0
Florida,0-2-0,0.0%,100.0%,-23.3
