Team,Over Record,Over %,Under %,Total +/-
Nevada,1-0-0,100.0%,0.0%,+12.0
Longwood,6-0-0,100.0%,0.0%,+13.8
Maryland,2-0-0,100.0%,0.0%,+14.0
Columbia,2-0-1,100.0%,0.0%,+16.8
Iowa St,2-0-0,100.0%,0.0%,+20.5
Wisconsin,5-0-0,100.0%,0.0%,+15.2
Miss State,1-0-0,100.0%,0.0%,+4.0
Auburn,2-0-0,100.0%,0.0%,+8.5
Ohio,3-0-0,100.0%,0.0%,+9.5
BYU,1-0-0,100.0%,0.0%,+7.5
Rob Morris,9-0-0,100.0%,0.0%,+13.8
Iowa,5-0-0,100.0%,0.0%,+18.7
Florida,1-0-0,100.0%,0.0%,+40.0
Indiana St,9-1-0,90.0%,10.0%,+15.6
Northeastrn,8-1-0,88.9%,11.1%,+7.7
Illinois St,8-1-1,88.9%,11.1%,+10.2
Loyola-MD,7-1-0,87.5%,12.5%,+4.8
NC-Asheville,6-1-2,85.7%,14.3%,+12.0
Northwestern,6-1-0,85.7%,14.3%,+6.1
Oregon St,5-1-0,83.3%,16.7%,+11.4
Manhattan,9-2-0,81.8%,18.2%,+15.0
TX A&M-CC,4-1-0,80.0%,20.0%,+9.8
TX El Paso,4-1-0,80.0%,20.0%,+2.6
Loyola-Chi,4-1-0,80.0%,20.0%,+7.7
Marist,4-1-0,80.0%,20.0%,+2.7
Cornell,4-1-0,80.0%,20.0%,+4.6
Portland St,7-2-0,77.8%,22.2%,+4.8
North Dakota,10-3-0,76.9%,23.1%,+7.8
TX-Pan Am,3-1-0,75.0%,25.0%,+11.9
Geo Wshgtn,3-1-0,75.0%,25.0%,+4.1
Texas St,6-2-1,75.0%,25.0%,+7.7
UTSA,6-2-0,75.0%,25.0%,+3.4
CS Bakersfld,9-3-0,75.0%,25.0%,+10.0
Temple,6-2-0,75.0%,25.0%,+4.2
Hawaii,3-1-0,75.0%,25.0%,+4.5
Dayton,3-1-0,75.0%,25.0%,+12.1
Yale,3-1-0,75.0%,25.0%,+5.4
Ark Pine Bl,11-4-0,73.3%,26.7%,+7.0
W Illinois,8-3-0,72.7%,27.3%,+0.1
Gard-Webb,8-3-0,72.7%,27.3%,+6.0
Montana St,5-2-0,71.4%,28.6%,+4.6
St. Thomas,5-2-0,71.4%,28.6%,+4.2
N Arizona,5-2-0,71.4%,28.6%,-3.2
E Carolina,5-2-0,71.4%,28.6%,+3.5
Morgan St,10-4-0,71.4%,28.6%,+11.1
Murray St,5-2-1,71.4%,28.6%,+5.1
Fresno St,10-4-0,71.4%,28.6%,+5.9
USC,5-2-0,71.4%,28.6%,-5.7
South Dakota,5-2-0,71.4%,28.6%,+11.4
N Dakota St,5-2-0,71.4%,28.6%,+8.9
Delaware,7-3-0,70.0%,30.0%,+4.3
Weber St,7-3-0,70.0%,30.0%,+6.0
Butler,7-3-0,70.0%,30.0%,+4.0
Alabama,2-1-0,66.7%,33.3%,+10.8
E Kentucky,6-3-0,66.7%,33.3%,+4.1
Cal Poly,10-5-0,66.7%,33.3%,+9.9
Montana,6-3-0,66.7%,33.3%,+5.8
TN State,8-4-0,66.7%,33.3%,+4.9
Air Force,8-4-0,66.7%,33.3%,+0.7
Abl Christian,6-3-0,66.7%,33.3%,-3.1
Bryant,4-2-0,66.7%,33.3%,+5.0
Minnesota,6-3-0,66.7%,33.3%,+9.9
Sam Hous St,6-3-0,66.7%,33.3%,+7.4
Florida St,4-2-0,66.7%,33.3%,+1.5
Toledo,4-2-0,66.7%,33.3%,+4.5
S Dakota St,4-2-0,66.7%,33.3%,+6.3
S Methodist,2-1-0,66.7%,33.3%,-3.0
Fla Gulf Cst,6-3-0,66.7%,33.3%,+1.1
N Florida,6-3-0,66.7%,33.3%,+5.6
N Alabama,4-2-1,66.7%,33.3%,+4.9
Kentucky,2-1-0,66.7%,33.3%,+8.3
Bradley,2-1-0,66.7%,33.3%,+7.7
Albany,8-4-0,66.7%,33.3%,+4.5
DePaul,6-3-0,66.7%,33.3%,+6.7
Providence,6-3-0,66.7%,33.3%,+7.7
Wm & Mary,4-2-0,66.7%,33.3%,+1.3
SC Upstate,11-6-0,64.7%,35.3%,+3.1
Canisius,11-6-0,64.7%,35.3%,+4.5
W Georgia,11-6-0,64.7%,35.3%,+1.9
Lafayette,7-4-1,63.6%,36.4%,+1.5
NC Central,7-4-0,63.6%,36.4%,+0.5
Seton Hall,7-4-0,63.6%,36.4%,+11.0
San Jose St,7-4-1,63.6%,36.4%,+0.7
Valparaiso,7-4-0,63.6%,36.4%,-2.2
Merrimack,7-4-0,63.6%,36.4%,+0.5
Charl South,10-6-0,62.5%,37.5%,+1.9
Maryland BC,5-3-0,62.5%,37.5%,+6.1
NC A&T,10-6-0,62.5%,37.5%,0.0
Colorado,5-3-0,62.5%,37.5%,+1.8
UCF,5-3-0,62.5%,37.5%,+14.8
Middle Tenn,5-3-0,62.5%,37.5%,+5.1
Ball St,5-3-0,62.5%,37.5%,-0.4
Rutgers,5-3-0,62.5%,37.5%,+0.1
Lg Beach St,8-5-0,61.5%,38.5%,+3.2
E Michigan,8-5-0,61.5%,38.5%,+4.1
IL-Chicago,8-5-0,61.5%,38.5%,+6.7
Buffalo,8-5-0,61.5%,38.5%,+0.3
Oral Roberts,8-5-0,61.5%,38.5%,+6.0
Holy Cross,8-5-1,61.5%,38.5%,+3.9
Missouri,3-2-0,60.0%,40.0%,+0.5
Arkansas St,3-2-0,60.0%,40.0%,+8.7
Bowling Grn,6-4-0,60.0%,40.0%,+4.0
Baylor,3-2-0,60.0%,40.0%,-2.8
Mt St Marys,6-4-0,60.0%,40.0%,-0.9
Iona,6-4-0,60.0%,40.0%,+1.8
Texas,3-2-0,60.0%,40.0%,+2.6
N Carolina,3-2-0,60.0%,40.0%,+1.0
Lamar,6-4-0,60.0%,40.0%,-3.7
Purdue,3-2-0,60.0%,40.0%,-6.8
Mass Lowell,3-2-0,60.0%,40.0%,+4.3
Oklahoma,3-2-0,60.0%,40.0%,+3.6
St Josephs,3-2-0,60.0%,40.0%,-3.8
LA Tech,3-2-0,60.0%,40.0%,+6.4
Akron,3-2-0,60.0%,40.0%,+4.9
W Michigan,6-4-1,60.0%,40.0%,+2.0
Fla Atlantic,3-2-0,60.0%,40.0%,+20.2
Louisville,3-2-0,60.0%,40.0%,+6.4
Prairie View,9-6-0,60.0%,40.0%,+6.6
Drake,3-2-0,60.0%,40.0%,+2.6
Miami (OH),3-2-0,60.0%,40.0%,-1.0
Navy,7-5-0,58.3%,41.7%,+0.8
SE Missouri,7-5-0,58.3%,41.7%,-2.3
Le Moyne,7-5-0,58.3%,41.7%,+2.0
Mississippi,4-3-0,57.1%,42.9%,+3.5
CS Fullerton,8-6-1,57.1%,42.9%,+4.6
Idaho,8-6-0,57.1%,42.9%,+2.0
Stanford,4-3-0,57.1%,42.9%,+1.7
Colorado St,4-3-0,57.1%,42.9%,+0.5
Delaware St,8-6-0,57.1%,42.9%,+5.1
NC-Grnsboro,4-3-0,57.1%,42.9%,+0.1
Seattle,4-3-0,57.1%,42.9%,-1.9
Stetson,8-6-0,57.1%,42.9%,+2.4
Elon,4-3-0,57.1%,42.9%,+3.1
Dartmouth,4-3-1,57.1%,42.9%,+5.3
S Florida,4-3-0,57.1%,42.9%,+6.7
New Orleans,9-7-0,56.3%,43.8%,+3.1
Army,5-4-0,55.6%,44.4%,+13.2
Jksnville St,5-4-1,55.6%,44.4%,+3.7
Norfolk St,5-4-0,55.6%,44.4%,0.0
Idaho St,5-4-0,55.6%,44.4%,+3.3
W Carolina,6-5-1,54.6%,45.5%,-5.9
Kennesaw St,6-5-0,54.6%,45.5%,-1.6
S Illinois,6-5-0,54.6%,45.5%,+5.3
Virginia,6-5-0,54.6%,45.5%,-0.1
Lindenwood,6-5-0,54.6%,45.5%,-0.4
S Indiana,6-5-0,54.6%,45.5%,+2.6
TN Martin,6-5-0,54.6%,45.5%,+3.5
E Washingtn,7-6-0,53.9%,46.2%,-1.4
Portland,7-6-0,53.9%,46.2%,+1.1
Central Ark,7-6-0,53.9%,46.2%,+2.2
St Fran (PA),8-7-0,53.3%,46.7%,+1.5
Bellarmine,8-7-0,53.3%,46.7%,+4.5
Neb Omaha,8-7-0,53.3%,46.7%,+3.5
Utah Tech,8-7-0,53.3%,46.7%,+0.3
NJIT,9-8-0,52.9%,47.1%,-5.5
Drexel,4-4-0,50.0%,50.0%,-1.1
Jacksonville,5-5-0,50.0%,50.0%,-3.6
U Penn,4-4-2,50.0%,50.0%,-6.3
UNLV,4-4-0,50.0%,50.0%,-3.2
Nebraska,3-3-0,50.0%,50.0%,+6.0
San Diego St,3-3-0,50.0%,50.0%,-4.3
Howard,4-4-0,50.0%,50.0%,+0.1
Florida A&M,6-6-0,50.0%,50.0%,+2.0
Notre Dame,4-4-0,50.0%,50.0%,+3.6
Belmont,3-3-0,50.0%,50.0%,-3.3
Clemson,2-2-0,50.0%,50.0%,-2.9
Princeton,1-1-0,50.0%,50.0%,+4.3
Central Conn,3-3-0,50.0%,50.0%,-3.9
Michigan,1-1-0,50.0%,50.0%,+2.5
La Salle,4-4-0,50.0%,50.0%,+2.0
St Peters,3-3-0,50.0%,50.0%,-0.8
Quinnipiac,4-4-0,50.0%,50.0%,-0.4
U Mass,4-4-0,50.0%,50.0%,+8.9
Cleveland St,5-5-0,50.0%,50.0%,+2.1
Miss Val St,8-8-0,50.0%,50.0%,+1.0
Missouri St,5-5-0,50.0%,50.0%,+11.3
St Bonavent,2-2-0,50.0%,50.0%,+6.0
Alab A&M,6-6-0,50.0%,50.0%,-0.3
Nicholls,5-5-0,50.0%,50.0%,+3.8
Harvard,5-5-0,50.0%,50.0%,-1.3
Cal Baptist,3-3-0,50.0%,50.0%,-1.1
Wichita St,2-2-0,50.0%,50.0%,+3.5
Boston Col,5-5-0,50.0%,50.0%,+1.5
Villanova,3-3-0,50.0%,50.0%,+0.8
Sacred Hrt,6-6-0,50.0%,50.0%,+3.9
Chattanooga,2-2-0,50.0%,50.0%,-4.5
N Colorado,4-4-0,50.0%,50.0%,+0.2
Beth-Cook,7-7-0,50.0%,50.0%,-4.1
E Tenn St,3-3-0,50.0%,50.0%,-1.5
TX-Arlington,4-4-0,50.0%,50.0%,+1.8
WI-Grn Bay,6-6-1,50.0%,50.0%,+0.4
Radford,5-5-0,50.0%,50.0%,+0.6
TX Christian,3-3-0,50.0%,50.0%,+1.4
Davidson,3-3-0,50.0%,50.0%,+1.8
Marquette,1-1-0,50.0%,50.0%,+1.8
Indiana,3-3-0,50.0%,50.0%,-3.6
Coastal Car,5-5-0,50.0%,50.0%,+5.3
Rice,4-4-0,50.0%,50.0%,0.0
Niagara,5-5-0,50.0%,50.0%,+0.3
Wright St,5-5-0,50.0%,50.0%,+5.8
Illinois,2-2-0,50.0%,50.0%,+7.3
St Johns,1-1-0,50.0%,50.0%,+3.8
Bucknell,5-5-0,50.0%,50.0%,+2.7
Grd Canyon,1-1-0,50.0%,50.0%,-1.3
Stonehill,5-5-0,50.0%,50.0%,-2.5
Mercyhurst,8-9-0,47.1%,52.9%,-1.1
Detroit,8-9-1,47.1%,52.9%,-0.3
Coppin St,8-9-1,47.1%,52.9%,-0.1
Binghamton,7-8-0,46.7%,53.3%,+3.8
F Dickinson,7-8-0,46.7%,53.3%,+2.9
IU Indy,7-8-0,46.7%,53.3%,+1.4
Alcorn St,7-8-0,46.7%,53.3%,-0.8
S Mississippi,6-7-1,46.2%,53.9%,+3.3
Pacific,6-7-0,46.2%,53.9%,+5.9
Siena,6-7-0,46.2%,53.9%,-0.7
San Diego,6-7-0,46.2%,53.9%,-3.0
Fairfield,5-6-0,45.5%,54.6%,+0.1
American,5-6-0,45.5%,54.6%,-0.6
TX Southern,5-6-0,45.5%,54.6%,+1.2
Citadel,5-6-0,45.5%,54.6%,-1.4
Louisiana,5-6-0,45.5%,54.6%,+1.7
E Illinois,5-6-0,45.5%,54.6%,-0.1
Syracuse,5-6-0,45.5%,54.6%,-0.5
TN Tech,5-6-0,45.5%,54.6%,+1.9
Charlotte,5-6-0,45.5%,54.6%,+2.5
Mercer,5-6-0,45.5%,54.6%,+1.8
NW State,4-5-1,44.4%,55.6%,-1.2
Grambling St,4-5-1,44.4%,55.6%,-0.9
Wofford,4-5-0,44.4%,55.6%,-0.9
Fordham,4-5-0,44.4%,55.6%,-1.2
Alabama St,4-5-0,44.4%,55.6%,+2.1
Southern,4-5-0,44.4%,55.6%,-0.7
Stony Brook,8-10-0,44.4%,55.6%,-1.3
Central Mich,4-5-0,44.4%,55.6%,-7.7
Denver,7-9-0,43.8%,56.3%,-1.0
Tarleton St,7-9-0,43.8%,56.3%,-4.1
Memphis,3-4-0,42.9%,57.1%,+4.6
Tulane,3-4-0,42.9%,57.1%,-2.5
Towson,3-4-0,42.9%,57.1%,+6.3
App State,3-4-0,42.9%,57.1%,-5.3
Youngs St,3-4-0,42.9%,57.1%,+5.3
Utah,3-4-0,42.9%,57.1%,-1.5
Kansas St,3-4-0,42.9%,57.1%,-0.4
Incar Word,3-4-0,42.9%,57.1%,-6.4
Hsn Christian,6-8-1,42.9%,57.1%,-4.6
N Mex State,3-4-0,42.9%,57.1%,+0.1
Miami,3-4-0,42.9%,57.1%,+1.9
N Kentucky,3-4-0,42.9%,57.1%,-3.2
Chicago St,8-11-0,42.1%,57.9%,-4.5
Hampton,5-7-0,41.7%,58.3%,-2.9
Pepperdine,5-7-0,41.7%,58.3%,-2.0
Campbell,5-7-0,41.7%,58.3%,-5.2
GA Southern,5-7-0,41.7%,58.3%,+1.5
N Hampshire,7-10-0,41.2%,58.8%,-3.5
TX A&M-Com,7-10-0,41.2%,58.8%,-2.8
Creighton,2-3-0,40.0%,60.0%,-5.6
Santa Clara,2-3-0,40.0%,60.0%,+9.9
WI-Milwkee,2-3-0,40.0%,60.0%,-2.6
UCLA,2-3-0,40.0%,60.0%,-11.3
Duquesne,4-6-0,40.0%,60.0%,-1.8
Wyoming,4-6-1,40.0%,60.0%,-5.9
Maryland ES,6-9-0,40.0%,60.0%,+2.0
UC Riverside,4-6-0,40.0%,60.0%,+0.2
Penn St,2-3-0,40.0%,60.0%,+0.2
San Francisco,2-3-0,40.0%,60.0%,-2.7
Texas A&M,2-3-0,40.0%,60.0%,+2.9
Queens,4-6-0,40.0%,60.0%,-5.4
Georgia St,4-6-0,40.0%,60.0%,+0.9
Arizona St,4-6-0,40.0%,60.0%,-2.2
VMI,5-8-0,38.5%,61.5%,-2.9
Oakland,5-8-0,38.5%,61.5%,-5.4
N Illinois,5-8-1,38.5%,61.5%,+1.2
Jackson St,5-8-0,38.5%,61.5%,-4.4
S Carolina,3-5-0,37.5%,62.5%,+1.9
Utah Valley,3-5-0,37.5%,62.5%,+0.6
Oklahoma St,3-5-0,37.5%,62.5%,-5.3
Lehigh,3-5-0,37.5%,62.5%,-1.4
W Virginia,3-5-1,37.5%,62.5%,-2.2
Old Dominion,4-7-2,36.4%,63.6%,-4.8
Hofstra,3-6-0,33.3%,66.7%,-10.5
VA Tech,4-8-0,33.3%,66.7%,+0.3
Maine,3-6-0,33.3%,66.7%,-4.1
Monmouth,5-10-0,33.3%,66.7%,-1.3
Oregon,1-2-0,33.3%,66.7%,-1.2
W Kentucky,2-4-0,33.3%,66.7%,-3.5
Boise St,1-2-0,33.3%,66.7%,+0.2
Arkansas,2-4-0,33.3%,66.7%,-3.0
Pittsburgh,1-2-0,33.3%,66.7%,+3.5
Florida Intl,4-8-0,33.3%,66.7%,-6.1
Michigan St,1-2-0,33.3%,66.7%,+1.7
Rhode Island,1-2-0,33.3%,66.7%,-8.7
UAB,1-2-0,33.3%,66.7%,-5.7
Boston U,3-6-0,33.3%,66.7%,-3.8
AR Lit Rock,3-6-0,33.3%,66.7%,-6.2
Lipscomb,2-4-0,33.3%,66.7%,-12.7
S Car State,3-6-0,33.3%,66.7%,-7.4
Marshall,3-6-0,33.3%,66.7%,-4.5
Tulsa,2-4-0,33.3%,66.7%,-9.8
Rider,4-9-0,30.8%,69.2%,-2.4
LIU,4-9-0,30.8%,69.2%,-7.3
SE Louisiana,4-9-1,30.8%,69.2%,-3.2
Morehead St,3-7-0,30.0%,70.0%,-2.5
UC Davis,3-7-0,30.0%,70.0%,-9.8
Loyola Mymt,3-7-0,30.0%,70.0%,-7.5
James Mad,2-5-0,28.6%,71.4%,-2.7
Richmond,3-8-0,27.3%,72.7%,-5.0
UL Monroe,4-11-0,26.7%,73.3%,-3.6
Austin Peay,4-11-0,26.7%,73.3%,-3.2
Washington,2-6-0,25.0%,75.0%,-7.4
Furman,1-3-0,25.0%,75.0%,-5.6
North Texas,1-3-1,25.0%,75.0%,-5.6
Col Charlestn,1-3-0,25.0%,75.0%,-3.6
Xavier,2-6-0,25.0%,75.0%,-7.1
California,2-6-0,25.0%,75.0%,-5.1
IPFW,1-3-0,25.0%,75.0%,+0.9
Vanderbilt,1-3-0,25.0%,75.0%,-6.1
SIU Edward,2-6-0,25.0%,75.0%,-3.3
Ste F Austin,2-6-0,25.0%,75.0%,-13.9
Sac State,3-10-0,23.1%,76.9%,-8.6
Wake Forest,1-4-0,20.0%,80.0%,-19.0
N Iowa,1-4-0,20.0%,80.0%,+0.4
Colgate,2-8-0,20.0%,80.0%,-5.7
GA Tech,2-8-0,20.0%,80.0%,-9.6
Cal St Nrdge,1-4-0,20.0%,80.0%,-5.8
Saint Louis,1-4-0,20.0%,80.0%,-5.8
Evansville,3-13-0,18.8%,81.3%,-10.2
Presbyterian,2-9-0,18.2%,81.8%,-5.2
S Utah,1-5-1,16.7%,83.3%,-4.3
Wash State,1-5-0,16.7%,83.3%,-11.5
Brown,1-5-0,16.7%,83.3%,-5.9
Ohio St,1-5-0,16.7%,83.3%,-5.5
Georgetown,1-5-0,16.7%,83.3%,-9.2
UCSD,1-5-0,16.7%,83.3%,-6.8
NC State,1-6-0,14.3%,85.7%,-11.9
Kansas City,1-8-0,11.1%,88.9%,-5.1
Winthrop,0-4-0,0.0%,100.0%,-24.5
Samford,0-2-0,0.0%,100.0%,-7.3
VCU,0-2-0,0.0%,100.0%,-8.0
NC-Wilmgton,0-4-0,0.0%,100.0%,-14.0
McNeese St,0-2-0,0.0%,100.0%,-23.5
UC Irvine,0-3-0,0.0%,100.0%,-14.2
LSU,0-7-0,0.0%,100.0%,-9.6
St Marys,0-1-0,0.0%,100.0%,-6.5
Georgia,0-6-0,0.0%,100.0%,-11.8
Utah St,0-3-1,0.0%,100.0%,-11.0
Connecticut,0-2-1,0.0%,100.0%,-4.8
Kansas,0-2-0,0.0%,100.0%,-7.0
Kent St,0-3-0,0.0%,100.0%,-25.8
UCSB,0-2-0,0.0%,100.0%,-16.3
Troy,0-4-0,0.0%,100.0%,-18.8
Cincinnati,0-2-0,0.0%,100.0%,-33.0
Tennessee,0-2-0,0.0%,100.0%,-30.5
Vermont,0-6-0,0.0%,100.0%,-12.8
New Mexico,0-3-0,0.0%,100.0%,-10.7
Arizona,0-2-0,0.0%,100.0%,-16.8
Duke,0-1-0,0.0%,100.0%,-38.0
Wagner,0-6-0,0.0%,100.0%,-16.4
Texas Tech,0-1-0,0.0%,100.0%,-9.5
Geo Mason,0-3-0,0.0%,100.0%,-11.3
S Alabama,0-3-0,0.0%,100.0%,-25.0
Liberty,0-4-0,0.0%,100.0%,-12.9
